# Codon transition counts for [HUMAN, MOUSE, CHICK, XENTR, BRARE]
# Iteration round 6
# Selected PAM range was 25 to 60
# The matrix was EukaryotaApr06
# 5 files with 17502 alignments are summarized
# Total number of counted positions is 8343554
# max is 153040, min is 22.5
CodonCounts := [[96208, 2590, 69693.5000, 2897.5000, 2150, 866, 564.5000, 930, 10323, 1409.5000, 6452.5000, 1223.5000, 515.5000, 238, 996.5000, 290, 3509.5000, 851, 5090, 798.5000, 589, 265, 179, 344.5000, 2357, 2054, 2755.5000, 1346.5000, 181.5000, 183, 442, 199, 4024, 818, 2882.5000, 918, 989.5000, 509.5000, 247, 594, 843, 399.5000, 469, 327, 295.5000, 182, 488, 234, 0, 123.5000, 0, 130.5000, 579.5000, 366.5000, 146, 490.5000, 0, 140, 132, 149, 170.5000, 71.5000, 221, 86], [2590, 71352, 2552.5000, 38479, 1289.5000, 2484.5000, 471.5000, 1651, 669, 9548, 579.5000, 4687, 154.5000, 557.5000, 386, 331.5000, 742, 2804, 1641, 1586, 283.5000, 400.5000, 116, 331.5000, 166.5000, 471, 270.5000, 216.5000, 63, 223, 235.5000, 131.5000, 1262.5000, 5042.5000, 1517, 3384, 565.5000, 1145, 244.5000, 768, 864, 2093, 772, 996, 121, 318, 295, 233, 0, 654, 0, 401.5000, 538.5000, 1010.5000, 180, 841, 0, 408.5000, 50, 287.5000, 69.5000, 197.5000, 119, 152.5000], [69693.5000, 2552.5000, 123210, 2566, 1597.5000, 898.5000, 769, 788.5000, 7668, 1413, 9623, 1129.5000, 324.5000, 251.5000, 1554.5000, 257.5000, 2578, 945.5000, 7843.5000, 763, 472.5000, 262, 215, 302, 2166.5000, 2615.5000, 3769.5000, 1484, 140.5000, 185, 646, 182, 2700.5000, 802.5000, 4676, 866, 746, 569, 299.5000, 532, 607.5000, 442.5000, 693, 314, 216, 185, 615, 194.5000, 0, 136.5000, 0, 128.5000, 459.5000, 351, 149, 415, 0, 155.5000, 220.5000, 145, 131.5000, 60, 265, 85], [2897.5000, 38479, 2566, 53939, 1367.5000, 1469.5000, 469.5000, 2273, 688, 5683.5000, 546.5000, 6874.5000, 175.5000, 340.5000, 421, 532, 837, 1756, 1636, 2237, 343, 301.5000, 116, 459.5000, 186, 275, 251, 305, 70.5000, 136, 233.5000, 229.5000, 1536, 3163, 1626, 5339, 677, 725.5000, 216, 1008, 873.5000, 1268.5000, 634.5000, 1333.5000, 133.5000, 212, 301, 312.5000, 0, 420.5000, 0, 625.5000, 566.5000, 637.5000, 171, 985, 0, 267, 53.5000, 432.5000, 90.5000, 114, 136, 200.5000], [2150, 1289.5000, 1597.5000, 1367.5000, 35232, 17926.5000, 9496.5000, 18340.5000, 920, 2258, 519.5000, 1731.5000, 1551.5000, 973, 2803.5000, 1073.5000, 638.5000, 260, 1064.5000, 273.5000, 1814, 817, 427, 1155, 138, 150, 191.5000, 114.5000, 284.5000, 284, 891.5000, 300.5000, 996.5000, 336.5000, 983, 491.5000, 4795, 2571, 1024, 2889, 660, 461.5000, 422, 363, 1081.5000, 788, 2028, 947.5000, 0, 78, 0, 103, 3676.5000, 2290.5000, 918.5000, 3025, 0, 200, 76, 263, 399, 164.5000, 482, 214.5000], [866, 2484.5000, 898.5000, 1469.5000, 17926.5000, 36134, 7531, 17440.5000, 350, 4379.5000, 302, 1922, 638.5000, 2020, 1475.5000, 1100, 315.5000, 406, 694.5000, 248.5000, 771.5000, 1298.5000, 280, 967, 93.5000, 193, 133, 94, 122.5000, 449, 620, 254, 480, 583.5000, 601.5000, 401, 2036.5000, 5189.5000, 825, 2615.5000, 386, 808, 303, 378, 491, 1460, 1372.5000, 880, 0, 149, 0, 120.5000, 1843.5000, 3622, 637.5000, 2560.5000, 0, 351, 48.5000, 243, 164.5000, 291, 279.5000, 197], [564.5000, 471.5000, 769, 469.5000, 9496.5000, 7531, 4840, 6761.5000, 214, 948, 253, 646, 313, 378.5000, 1312.5000, 387, 172.5000, 92, 456, 80, 352, 299, 173, 310, 57, 75.5000, 95, 37.5000, 77, 128, 393.5000, 122, 247.5000, 148, 374, 142.5000, 1082.5000, 994.5000, 517.5000, 909, 186, 192, 183, 119, 279, 311.5000, 873, 353.5000, 0, 39, 0, 45.5000, 930, 916.5000, 397.5000, 957, 0, 76, 37.5000, 98, 103.5000, 68, 198.5000, 84.5000], [930, 1651, 788.5000, 2273, 18340.5000, 17440.5000, 6761.5000, 25084, 351.5000, 2843.5000, 269, 2925, 667.5000, 1087, 1535, 1846.5000, 371.5000, 263.5000, 635, 330, 913, 800.5000, 290.5000, 1466.5000, 76, 135, 112.5000, 130, 133.5000, 266, 585, 379, 516.5000, 444.5000, 618, 631, 2329, 2638, 753.5000, 4182, 406, 513, 325, 507, 517, 838.5000, 1423.5000, 1315.5000, 0, 116, 0, 155.5000, 2118.5000, 2189.5000, 677.5000, 3564, 0, 249, 37, 348.5000, 194.5000, 195.5000, 308, 285.5000], [10323, 669, 7668, 688, 920, 350, 214, 351.5000, 32292, 1116, 17689.5000, 981, 286.5000, 126, 472.5000, 135, 1300, 541.5000, 1842.5000, 483, 201, 118, 86.5000, 133.5000, 7748.5000, 5742.5000, 7752, 4281, 95.5000, 104, 286.5000, 112, 824, 199.5000, 572, 227.5000, 356, 225, 99, 231.5000, 1333, 422, 575.5000, 299, 153.5000, 88, 214, 103.5000, 0, 72.5000, 0, 70.5000, 214.5000, 165.5000, 60.5000, 211, 0, 141, 236, 163, 89.5000, 35.5000, 105.5000, 54.5000], [1409.5000, 9548, 1413, 5683.5000, 2258, 4379.5000, 948, 2843.5000, 1116, 57914, 1039, 27131.5000, 214.5000, 748, 510.5000, 477, 539.5000, 1177, 1189.5000, 697.5000, 396.5000, 613.5000, 165.5000, 475, 275.5000, 804.5000, 383, 336.5000, 65, 256, 316, 176.5000, 907.5000, 1909, 1136.5000, 1307.5000, 1037.5000, 2209.5000, 422, 1423.5000, 2036.5000, 5556, 1738, 2236, 193.5000, 507.5000, 460, 401, 0, 318.5000, 0, 225, 1244.5000, 2403, 519, 1941.5000, 0, 1611, 93.5000, 1093, 89.5000, 199, 132, 164], [6452.5000, 579.5000, 9623, 546.5000, 519.5000, 302, 253, 269, 17689.5000, 1039, 25475, 823.5000, 158.5000, 110, 632, 111.5000, 814.5000, 518, 2142, 380, 168, 105, 90.5000, 111, 5227.5000, 5664.5000, 8385.5000, 3370.5000, 66.5000, 109.5000, 314.5000, 84.5000, 466.5000, 161, 785.5000, 176.5000, 258, 215, 114, 172, 613, 367, 1004, 229, 86.5000, 95, 288.5000, 82, 0, 61.5000, 0, 69.5000, 132.5000, 131, 56.5000, 150, 0, 141, 464, 128, 67, 29, 108.5000, 46.5000], [1223.5000, 4687, 1129.5000, 6874.5000, 1731.5000, 1922, 646, 2925, 981, 27131.5000, 823.5000, 32705, 184.5000, 317, 396, 582, 429, 580.5000, 806, 755.5000, 337, 276, 108.5000, 476, 191, 305.5000, 277.5000, 376.5000, 52.5000, 115, 208, 166, 769.5000, 1018, 897, 1580, 890, 1001.5000, 287, 1419.5000, 1509, 2415.5000, 1215, 2611.5000, 144, 245, 358.5000, 403.5000, 0, 176.5000, 0, 272, 1022.5000, 1140, 346.5000, 1725.5000, 0, 828, 77, 1143, 67, 91.5000, 117.5000, 169], [515.5000, 154.5000, 324.5000, 175.5000, 1551.5000, 638.5000, 313, 667.5000, 286.5000, 214.5000, 158.5000, 184.5000, 15319, 14087.5000, 3855.5000, 12788, 144, 65, 226, 77.5000, 231, 112, 60.5000, 150.5000, 54, 43.5000, 54.5000, 37.5000, 1069, 1243, 2813.5000, 1093, 261.5000, 54.5000, 222.5000, 84, 707.5000, 382.5000, 180, 449, 157, 89, 92, 59.5000, 2739.5000, 2315.5000, 4890, 2457, 0, 54.5000, 0, 67, 285.5000, 165.5000, 65, 172.5000, 0, 53, 38, 59.5000, 1272, 350.5000, 1248, 445.5000], [238, 557.5000, 251.5000, 340.5000, 973, 2020, 378.5000, 1087, 126, 748, 110, 317, 14087.5000, 61352, 3852, 32596.5000, 132, 166.5000, 268, 121, 169.5000, 245, 67, 186, 32, 70.5000, 52.5000, 41.5000, 961.5000, 4028.5000, 4295.5000, 2231, 167.5000, 152, 197.5000, 87, 504.5000, 1198, 233.5000, 725.5000, 106.5000, 244, 115, 97, 2386.5000, 9040.5000, 7847.5000, 5191, 0, 201, 0, 141, 196, 321, 64.5000, 253.5000, 0, 184.5000, 49.5000, 134.5000, 952, 1388.5000, 1313, 916], [996.5000, 386, 1554.5000, 421, 2803.5000, 1475.5000, 1312.5000, 1535, 472.5000, 510.5000, 632, 396, 3855.5000, 3852, 107424, 3979.5000, 463.5000, 200.5000, 1249.5000, 227, 453.5000, 264, 183, 335, 113.5000, 145, 222, 94.5000, 1832, 2784.5000, 10140, 2441.5000, 437.5000, 149.5000, 752.5000, 162, 1378, 1023, 529.5000, 1013, 309, 225.5000, 368, 163.5000, 1766.5000, 1747, 7013.5000, 1937, 0, 166, 0, 169, 690.5000, 460, 252.5000, 596.5000, 0, 125.5000, 214.5000, 139.5000, 1844.5000, 740.5000, 4492, 864], [290, 331.5000, 257.5000, 532, 1073.5000, 1100, 387, 1846.5000, 135, 477, 111.5000, 582, 12788, 32596.5000, 3979.5000, 46157, 126.5000, 127.5000, 274.5000, 179.5000, 203, 165.5000, 55.5000, 295.5000, 46.5000, 47.5000, 49.5000, 51, 938, 2316.5000, 3789, 2897.5000, 185, 104.5000, 241, 202, 626, 661.5000, 206, 1048, 134.5000, 154.5000, 98, 153, 2395.5000, 4787, 6937, 7517, 0, 131, 0, 184.5000, 215.5000, 247.5000, 68.5000, 365.5000, 0, 121, 52.5000, 182.5000, 960, 829.5000, 1426, 1312.5000], [3509.5000, 742, 2578, 837, 638.5000, 315.5000, 172.5000, 371.5000, 1300, 539.5000, 814.5000, 429, 144, 132, 463.5000, 126.5000, 29917, 2796, 40379.5000, 2615.5000, 2035, 773, 567, 963, 1263.5000, 823, 1197.5000, 649, 460, 378.5000, 1142.5000, 417, 3385, 609.5000, 2955.5000, 715.5000, 607.5000, 370.5000, 184.5000, 399, 446, 220.5000, 272, 155.5000, 186.5000, 140.5000, 329.5000, 177, 0, 283.5000, 0, 290, 568.5000, 377.5000, 132, 458.5000, 0, 152, 156, 160, 232, 118.5000, 334.5000, 142.5000], [851, 2804, 945.5000, 1756, 260, 406, 92, 263.5000, 541.5000, 1177, 518, 580.5000, 65, 166.5000, 200.5000, 127.5000, 2796, 49999, 6296, 27210.5000, 603, 983.5000, 276.5000, 713, 567.5000, 2064, 796, 942, 152.5000, 706.5000, 609, 450.5000, 560, 1004.5000, 778, 648, 213, 376.5000, 92.5000, 243, 184, 413.5000, 159, 167, 69.5000, 162.5000, 186.5000, 105, 0, 3152, 0, 1944.5000, 259.5000, 494, 95, 422.5000, 0, 496.5000, 104, 360, 108.5000, 596.5000, 174, 424.5000], [5090, 1641, 7843.5000, 1636, 1064.5000, 694.5000, 456, 635, 1842.5000, 1189.5000, 2142, 806, 226, 268, 1249.5000, 274.5000, 40379.5000, 6296, 147943, 5303.5000, 2952.5000, 1627, 1480, 1697.5000, 1696.5000, 1981, 4100, 1257, 700.5000, 994.5000, 3500.5000, 902.5000, 5168, 1346.5000, 9165.5000, 1347.5000, 960, 936.5000, 459.5000, 794, 601.5000, 526.5000, 712, 337.5000, 284, 300, 838, 326, 0, 612.5000, 0, 517.5000, 913.5000, 790.5000, 339, 819.5000, 0, 307.5000, 595, 309.5000, 442.5000, 241, 900.5000, 248], [798.5000, 1586, 763, 2237, 273.5000, 248.5000, 80, 330, 483, 697.5000, 380, 755.5000, 77.5000, 121, 227, 179.5000, 2615.5000, 27210.5000, 5303.5000, 32782, 556.5000, 600, 227, 986, 477, 1007.5000, 607.5000, 1134.5000, 135, 455, 563, 643.5000, 628, 625.5000, 714, 922, 224, 196.5000, 83, 290, 183.5000, 247, 139, 254, 63.5000, 102.5000, 169, 130.5000, 0, 1709.5000, 0, 2302.5000, 246, 307, 75.5000, 512.5000, 0, 308.5000, 125.5000, 506, 118, 342, 176, 477], [589, 283.5000, 472.5000, 343, 1814, 771.5000, 352, 913, 201, 396.5000, 168, 337, 231, 169.5000, 453.5000, 203, 2035, 603, 2952.5000, 556.5000, 48205, 22089.5000, 11241.5000, 29263, 232.5000, 192, 254.5000, 141.5000, 710.5000, 467, 1627.5000, 570.5000, 597, 207, 654.5000, 257, 2249, 1280.5000, 515.5000, 1481, 336, 272.5000, 235, 190.5000, 341.5000, 259.5000, 626.5000, 283, 0, 69.5000, 0, 76, 3333.5000, 1698, 682.5000, 2240, 0, 77.5000, 68.5000, 115, 370.5000, 122.5000, 515, 150], [265, 400.5000, 262, 301.5000, 817, 1298.5000, 299, 800.5000, 118, 613.5000, 105, 276, 112, 245, 264, 165.5000, 773, 983.5000, 1627, 600, 22089.5000, 38380, 8697.5000, 25371.5000, 119, 325.5000, 170, 146.5000, 247, 924.5000, 823, 515, 299.5000, 286, 421.5000, 204.5000, 1076.5000, 2116, 451, 1317, 206, 342, 192, 162.5000, 153.5000, 347.5000, 380.5000, 225.5000, 0, 149, 0, 87.5000, 1452, 3300, 502, 2184, 0, 145, 27.5000, 107.5000, 146, 251.5000, 244, 154], [179, 116, 215, 116, 427, 280, 173, 290.5000, 86.5000, 165.5000, 90.5000, 108.5000, 60.5000, 67, 183, 55.5000, 567, 276.5000, 1480, 227, 11241.5000, 8697.5000, 6035, 9430, 81, 112, 185.5000, 65, 173.5000, 189, 847.5000, 208, 175.5000, 95.5000, 256.5000, 94.5000, 578.5000, 554.5000, 344, 485, 111.5000, 131, 121, 65.5000, 79, 101, 249, 100.5000, 0, 37.5000, 0, 30.5000, 742.5000, 643.5000, 321, 736, 0, 42.5000, 47, 48.5000, 101.5000, 49, 221, 61], [344.5000, 331.5000, 302, 459.5000, 1155, 967, 310, 1466.5000, 133.5000, 475, 111, 476, 150.5000, 186, 335, 295.5000, 963, 713, 1697.5000, 986, 29263, 25371.5000, 9430, 46890, 136.5000, 206.5000, 156, 270.5000, 288, 640, 971.5000, 1127.5000, 372, 215.5000, 436.5000, 298, 1506.5000, 1595.5000, 467, 2405, 246.5000, 276.5000, 187, 270.5000, 179, 246, 457, 444, 0, 109.5000, 0, 152.5000, 1956.5000, 2161, 579.5000, 4238.5000, 0, 142, 35, 237.5000, 185.5000, 156, 345.5000, 328], [2357, 166.5000, 2166.5000, 186, 138, 93.5000, 57, 76, 7748.5000, 275.5000, 5227.5000, 191, 54, 32, 113.5000, 46.5000, 1263.5000, 567.5000, 1696.5000, 477, 232.5000, 119, 81, 136.5000, 7666, 6108.5000, 6700, 4546.5000, 103.5000, 109.5000, 242.5000, 87.5000, 207, 57.5000, 201, 63.5000, 94.5000, 74, 32.5000, 54.5000, 244, 105, 153.5000, 92, 36.5000, 28.5000, 64.5000, 28.5000, 0, 53.5000, 0, 72.5000, 88.5000, 68.5000, 28, 68, 0, 137.5000, 189.5000, 134, 39, 24.5000, 66.5000, 30], [2054, 471, 2615.5000, 275, 150, 193, 75.5000, 135, 5742.5000, 804.5000, 5664.5000, 305.5000, 43.5000, 70.5000, 145, 47.5000, 823, 2064, 1981, 1007.5000, 192, 325.5000, 112, 206.5000, 6108.5000, 20141, 8089, 7561, 62, 375, 329, 182, 151.5000, 157, 277, 109.5000, 87, 204.5000, 56, 95.5000, 158, 402, 151.5000, 126, 26.5000, 73, 101, 50, 0, 219.5000, 0, 140, 76.5000, 198.5000, 42.5000, 119.5000, 0, 616, 177, 261, 47.5000, 99, 71.5000, 43.5000], [2755.5000, 270.5000, 3769.5000, 251, 191.5000, 133, 95, 112.5000, 7752, 383, 8385.5000, 277.5000, 54.5000, 52.5000, 222, 49.5000, 1197.5000, 796, 4100, 607.5000, 254.5000, 170, 185.5000, 156, 6700, 8089, 13258, 5334, 105, 160.5000, 586, 149.5000, 220, 98.5000, 452.5000, 100, 137.5000, 119, 82.5000, 119, 211.5000, 199, 348.5000, 95, 42.5000, 58, 153, 49.5000, 0, 74.5000, 0, 70.5000, 107.5000, 119, 57, 107, 0, 204.5000, 532.5000, 167.5000, 63.5000, 42, 142.5000, 44], [1346.5000, 216.5000, 1484, 305, 114.5000, 94, 37.5000, 130, 4281, 336.5000, 3370.5000, 376.5000, 37.5000, 41.5000, 94.5000, 51, 649, 942, 1257, 1134.5000, 141.5000, 146.5000, 65, 270.5000, 4546.5000, 7561, 5334, 7173, 49, 141.5000, 196, 198.5000, 144, 73.5000, 156.5000, 106, 82, 95, 31.5000, 106.5000, 130, 150, 95, 159.5000, 24, 38, 66.5000, 50, 0, 117, 0, 174.5000, 71.5000, 95.5000, 25, 155.5000, 0, 237, 109, 374, 36.5000, 48, 66, 69], [181.5000, 63, 140.5000, 70.5000, 284.5000, 122.5000, 77, 133.5000, 95.5000, 65, 66.5000, 52.5000, 1069, 961.5000, 1832, 938, 460, 152.5000, 700.5000, 135, 710.5000, 247, 173.5000, 288, 103.5000, 62, 105, 49, 7116, 7111, 19320, 6535, 129.5000, 30, 126, 35.5000, 281.5000, 159.5000, 71, 176, 67, 36, 43.5000, 29.5000, 562.5000, 455.5000, 1178.5000, 451, 0, 91.5000, 0, 103, 310.5000, 139, 74.5000, 168, 0, 42, 92, 64.5000, 5119, 623, 6251, 674.5000], [183, 223, 185, 136, 284, 449, 128, 266, 104, 256, 109.5000, 115, 1243, 4028.5000, 2784.5000, 2316.5000, 378.5000, 706.5000, 994.5000, 455, 467, 924.5000, 189, 640, 109.5000, 375, 160.5000, 141.5000, 7111, 38629, 32345.5000, 18525.5000, 134.5000, 110, 196.5000, 69.5000, 280.5000, 568, 132, 343.5000, 83.5000, 134, 74, 54, 630, 2084.5000, 1986.5000, 1154.5000, 0, 420, 0, 256, 220, 429.5000, 72, 281.5000, 0, 270, 117.5000, 169.5000, 5446.5000, 3166.5000, 9003.5000, 1828], [442, 235.5000, 646, 233.5000, 891.5000, 620, 393.5000, 585, 286.5000, 316, 314.5000, 208, 2813.5000, 4295.5000, 10140, 3789, 1142.5000, 609, 3500.5000, 563, 1627.5000, 823, 847.5000, 971.5000, 242.5000, 329, 586, 196, 19320, 32345.5000, 118240, 28276.5000, 356, 130.5000, 602.5000, 130, 888.5000, 762.5000, 449.5000, 750.5000, 176.5000, 176, 249, 115.5000, 1713.5000, 2074.5000, 6911, 2045.5000, 0, 409.5000, 0, 419.5000, 782, 541.5000, 309.5000, 616.5000, 0, 219.5000, 527.5000, 252, 15304.5000, 2834.5000, 32812, 3072.5000], [199, 131.5000, 182, 229.5000, 300.5000, 254, 122, 379, 112, 176.5000, 84.5000, 166, 1093, 2231, 2441.5000, 2897.5000, 417, 450.5000, 902.5000, 643.5000, 570.5000, 515, 208, 1127.5000, 87.5000, 182, 149.5000, 198.5000, 6535, 18525.5000, 28276.5000, 28330, 142.5000, 83.5000, 173.5000, 110.5000, 323, 356, 121, 489.5000, 86, 93, 69, 84.5000, 604.5000, 1039.5000, 1703.5000, 1636, 0, 260, 0, 324.5000, 258, 247.5000, 72.5000, 464, 0, 158, 112.5000, 219, 5062.5000, 1614.5000, 8677.5000, 2591.5000], [4024, 1262.5000, 2700.5000, 1536, 996.5000, 480, 247.5000, 516.5000, 824, 907.5000, 466.5000, 769.5000, 261.5000, 167.5000, 437.5000, 185, 3385, 560, 5168, 628, 597, 299.5000, 175.5000, 372, 207, 151.5000, 220, 144, 129.5000, 134.5000, 356, 142.5000, 103189, 12467.5000, 84720, 14455.5000, 2308, 1098, 581, 1231, 2892.5000, 998.5000, 1460, 799.5000, 541, 322.5000, 947, 399, 0, 117, 0, 140, 573, 372.5000, 151, 490.5000, 0, 68.5000, 63, 93.5000, 137.5000, 65, 211.5000, 90], [818, 5042.5000, 802.5000, 3163, 336.5000, 583.5000, 148, 444.5000, 199.5000, 1909, 161, 1018, 54.5000, 152, 149.5000, 104.5000, 609.5000, 1004.5000, 1346.5000, 625.5000, 207, 286, 95.5000, 215.5000, 57.5000, 157, 98.5000, 73.5000, 30, 110, 130.5000, 83.5000, 12467.5000, 89663, 16301.5000, 54944, 629, 1320.5000, 294.5000, 764.5000, 1078.5000, 2432, 777.5000, 1002, 118.5000, 350.5000, 273.5000, 232.5000, 0, 304, 0, 203, 285, 485.5000, 108, 377.5000, 0, 131.5000, 22.5000, 110.5000, 43.5000, 87.5000, 58, 57], [2882.5000, 1517, 4676, 1626, 983, 601.5000, 374, 618, 572, 1136.5000, 785.5000, 897, 222.5000, 197.5000, 752.5000, 241, 2955.5000, 778, 9165.5000, 714, 654.5000, 421.5000, 256.5000, 436.5000, 201, 277, 452.5000, 156.5000, 126, 196.5000, 602.5000, 173.5000, 84720, 16301.5000, 153040, 16448.5000, 2044.5000, 1469, 1043.5000, 1399, 1881, 1193.5000, 2418, 799, 488, 411.5000, 1558.5000, 424.5000, 0, 145, 0, 164, 555.5000, 497, 199, 559, 0, 107, 120, 101, 139.5000, 83.5000, 253.5000, 91], [918, 3384, 866, 5339, 491.5000, 401, 142.5000, 631, 227.5000, 1307.5000, 176.5000, 1580, 84, 87, 162, 202, 715.5000, 648, 1347.5000, 922, 257, 204.5000, 94.5000, 298, 63.5000, 109.5000, 100, 106, 35.5000, 69.5000, 130, 110.5000, 14455.5000, 54944, 16448.5000, 91026, 764, 799, 260, 1349, 1128, 1405, 805.5000, 1813, 147.5000, 206, 323.5000, 434, 0, 189.5000, 0, 354.5000, 340, 335, 104.5000, 589, 0, 93, 27, 167, 43, 49, 78, 103], [989.5000, 565.5000, 746, 677, 4795, 2036.5000, 1082.5000, 2329, 356, 1037.5000, 258, 890, 707.5000, 504.5000, 1378, 626, 607.5000, 213, 960, 224, 2249, 1076.5000, 578.5000, 1506.5000, 94.5000, 87, 137.5000, 82, 281.5000, 280.5000, 888.5000, 323, 2308, 629, 2044.5000, 764, 35723, 21142.5000, 7781, 24351, 2200, 1224, 1313.5000, 996, 1749, 1266.5000, 3575.5000, 1573, 0, 85.5000, 0, 101.5000, 3765.5000, 2360.5000, 901, 3029.5000, 0, 240, 73, 292, 387, 164, 474, 242], [509.5000, 1145, 569, 725.5000, 2571, 5189.5000, 994.5000, 2638, 225, 2209.5000, 215, 1001.5000, 382.5000, 1198, 1023, 661.5000, 370.5000, 376.5000, 936.5000, 196.5000, 1280.5000, 2116, 554.5000, 1595.5000, 74, 204.5000, 119, 95, 159.5000, 568, 762.5000, 356, 1098, 1320.5000, 1469, 799, 21142.5000, 54861, 8043, 28520.5000, 1385, 2567, 1146.5000, 1034, 945, 3243, 2751, 1786.5000, 0, 175.5000, 0, 127.5000, 2434.5000, 4993, 900, 3462, 0, 532.5000, 73.5000, 348.5000, 210.5000, 396, 350, 254.5000], [247, 244.5000, 299.5000, 216, 1024, 825, 517.5000, 753.5000, 99, 422, 114, 287, 180, 233.5000, 529.5000, 206, 184.5000, 92.5000, 459.5000, 83, 515.5000, 451, 344, 467, 32.5000, 56, 82.5000, 31.5000, 71, 132, 449.5000, 121, 581, 294.5000, 1043.5000, 260, 7781, 8043, 4837, 7610, 567.5000, 548, 668.5000, 327.5000, 420.5000, 536, 1781, 558.5000, 0, 51.5000, 0, 36.5000, 877.5000, 925.5000, 479.5000, 1030.5000, 0, 114.5000, 36, 107.5000, 82, 84.5000, 223.5000, 83], [594, 768, 532, 1008, 2889, 2615.5000, 909, 4182, 231.5000, 1423.5000, 172, 1419.5000, 449, 725.5000, 1013, 1048, 399, 243, 794, 290, 1481, 1317, 485, 2405, 54.5000, 95.5000, 119, 106.5000, 176, 343.5000, 750.5000, 489.5000, 1231, 764.5000, 1399, 1349, 24351, 28520.5000, 7610, 43953, 1493.5000, 1477.5000, 1025, 1534, 1080, 1654, 2779, 2979, 0, 138.5000, 0, 180, 2669.5000, 2968, 837, 4814, 0, 348.5000, 46, 471.5000, 238, 251, 387, 398], [843, 864, 607.5000, 873.5000, 660, 386, 186, 406, 1333, 2036.5000, 613, 1509, 157, 106.5000, 309, 134.5000, 446, 184, 601.5000, 183.5000, 336, 206, 111.5000, 246.5000, 244, 158, 211.5000, 130, 67, 83.5000, 176.5000, 86, 2892.5000, 1078.5000, 1881, 1128, 2200, 1385, 567.5000, 1493.5000, 53503, 24636.5000, 26090.5000, 18263, 430.5000, 241, 630, 288.5000, 0, 36.5000, 0, 58, 531.5000, 438, 145, 515, 0, 207.5000, 129, 247, 74.5000, 56.5000, 104.5000, 84], [399.5000, 2093, 442.5000, 1268.5000, 461.5000, 808, 192, 513, 422, 5556, 367, 2415.5000, 89, 244, 225.5000, 154.5000, 220.5000, 413.5000, 526.5000, 247, 272.5000, 342, 131, 276.5000, 105, 402, 199, 150, 36, 134, 176, 93, 998.5000, 2432, 1193.5000, 1405, 1224, 2567, 548, 1477.5000, 24636.5000, 48748, 18151.5000, 19017, 175.5000, 553, 455, 328.5000, 0, 125.5000, 0, 81, 407.5000, 717, 185.5000, 567, 0, 681, 96, 427, 45, 113, 90, 92], [469, 772, 693, 634.5000, 422, 303, 183, 325, 575.5000, 1738, 1004, 1215, 92, 115, 368, 98, 272, 159, 712, 139, 235, 192, 121, 187, 153.5000, 151.5000, 348.5000, 95, 43.5000, 74, 249, 69, 1460, 777.5000, 2418, 805.5000, 1313.5000, 1146.5000, 668.5000, 1025, 26090.5000, 18151.5000, 28606, 12094, 262.5000, 235.5000, 853.5000, 251, 0, 40.5000, 0, 48.5000, 379, 344, 161.5000, 360, 0, 190.5000, 318, 190, 58, 52.5000, 145.5000, 55], [327, 996, 314, 1333.5000, 363, 378, 119, 507, 299, 2236, 229, 2611.5000, 59.5000, 97, 163.5000, 153, 155.5000, 167, 337.5000, 254, 190.5000, 162.5000, 65.5000, 270.5000, 92, 126, 95, 159.5000, 29.5000, 54, 115.5000, 84.5000, 799.5000, 1002, 799, 1813, 996, 1034, 327.5000, 1534, 18263, 19017, 12094, 22558, 155, 209.5000, 370.5000, 411, 0, 52.5000, 0, 91.5000, 304.5000, 331, 109.5000, 517.5000, 0, 283, 55, 458.5000, 41.5000, 47.5000, 58.5000, 85.5000], [295.5000, 121, 216, 133.5000, 1081.5000, 491, 279, 517, 153.5000, 193.5000, 86.5000, 144, 2739.5000, 2386.5000, 1766.5000, 2395.5000, 186.5000, 69.5000, 284, 63.5000, 341.5000, 153.5000, 79, 179, 36.5000, 26.5000, 42.5000, 24, 562.5000, 630, 1713.5000, 604.5000, 541, 118.5000, 488, 147.5000, 1749, 945, 420.5000, 1080, 430.5000, 175.5000, 262.5000, 155, 9116, 6893.5000, 18403.5000, 7599, 0, 42.5000, 0, 48, 364, 201.5000, 81.5000, 267, 0, 65.5000, 32, 78.5000, 816, 220, 836.5000, 278.5000], [182, 318, 185, 212, 788, 1460, 311.5000, 838.5000, 88, 507.5000, 95, 245, 2315.5000, 9040.5000, 1747, 4787, 140.5000, 162.5000, 300, 102.5000, 259.5000, 347.5000, 101, 246, 28.5000, 73, 58, 38, 455.5000, 2084.5000, 2074.5000, 1039.5000, 322.5000, 350.5000, 411.5000, 206, 1266.5000, 3243, 536, 1654, 241, 553, 235.5000, 209.5000, 6893.5000, 27220, 22226.5000, 13948.5000, 0, 166, 0, 104, 294.5000, 494, 87.5000, 357.5000, 0, 188.5000, 38.5000, 136, 486, 963.5000, 783.5000, 557.5000], [488, 295, 615, 301, 2028, 1372.5000, 873, 1423.5000, 214, 460, 288.5000, 358.5000, 4890, 7847.5000, 7013.5000, 6937, 329.5000, 186.5000, 838, 169, 626.5000, 380.5000, 249, 457, 64.5000, 101, 153, 66.5000, 1178.5000, 1986.5000, 6911, 1703.5000, 947, 273.5000, 1558.5000, 323.5000, 3575.5000, 2751, 1781, 2779, 630, 455, 853.5000, 370.5000, 18403.5000, 22226.5000, 81343, 23227, 0, 151.5000, 0, 139, 722, 544.5000, 269.5000, 677, 0, 195.5000, 147, 239, 1311, 715.5000, 2942.5000, 803], [234, 233, 194.5000, 312.5000, 947.5000, 880, 353.5000, 1315.5000, 103.5000, 401, 82, 403.5000, 2457, 5191, 1937, 7517, 177, 105, 326, 130.5000, 283, 225.5000, 100.5000, 444, 28.5000, 50, 49.5000, 50, 451, 1154.5000, 2045.5000, 1636, 399, 232.5000, 424.5000, 434, 1573, 1786.5000, 558.5000, 2979, 288.5000, 328.5000, 251, 411, 7599, 13948.5000, 23227, 24259, 0, 90.5000, 0, 139.5000, 363, 363.5000, 96, 563.5000, 0, 159, 56, 188.5000, 551, 524.5000, 912.5000, 885], [0, 0, 0, 0, 0, 0, 0, 0, 0, 0, 0, 0, 0, 0, 0, 0, 0, 0, 0, 0, 0, 0, 0, 0, 0, 0, 0, 0, 0, 0, 0, 0, 0, 0, 0, 0, 0, 0, 0, 0, 0, 0, 0, 0, 0, 0, 0, 0, 1282, 0, 366, 0, 0, 0, 0, 0, 582, 0, 0, 0, 0, 0, 0, 0], [123.5000, 654, 136.5000, 420.5000, 78, 149, 39, 116, 72.5000, 318.5000, 61.5000, 176.5000, 54.5000, 201, 166, 131, 283.5000, 3152, 612.5000, 1709.5000, 69.5000, 149, 37.5000, 109.5000, 53.5000, 219.5000, 74.5000, 117, 91.5000, 420, 409.5000, 260, 117, 304, 145, 189.5000, 85.5000, 175.5000, 51.5000, 138.5000, 36.5000, 125.5000, 40.5000, 52.5000, 42.5000, 166, 151.5000, 90.5000, 0, 69414, 0, 37671, 184, 564, 74.5000, 397, 0, 1117.5000, 277.5000, 730.5000, 174.5000, 5933, 214.5000, 4065.5000], [0, 0, 0, 0, 0, 0, 0, 0, 0, 0, 0, 0, 0, 0, 0, 0, 0, 0, 0, 0, 0, 0, 0, 0, 0, 0, 0, 0, 0, 0, 0, 0, 0, 0, 0, 0, 0, 0, 0, 0, 0, 0, 0, 0, 0, 0, 0, 0, 366, 0, 566, 0, 0, 0, 0, 0, 267, 0, 0, 0, 0, 0, 0, 0], [130.5000, 401.5000, 128.5000, 625.5000, 103, 120.5000, 45.5000, 155.5000, 70.5000, 225, 69.5000, 272, 67, 141, 169, 184.5000, 290, 1944.5000, 517.5000, 2302.5000, 76, 87.5000, 30.5000, 152.5000, 72.5000, 140, 70.5000, 174.5000, 103, 256, 419.5000, 324.5000, 140, 203, 164, 354.5000, 101.5000, 127.5000, 36.5000, 180, 58, 81, 48.5000, 91.5000, 48, 104, 139, 139.5000, 0, 37671, 0, 47952, 203, 354, 68.5000, 623.5000, 0, 663.5000, 267.5000, 1174.5000, 176, 3664.5000, 208.5000, 5187.5000], [579.5000, 538.5000, 459.5000, 566.5000, 3676.5000, 1843.5000, 930, 2118.5000, 214.5000, 1244.5000, 132.5000, 1022.5000, 285.5000, 196, 690.5000, 215.5000, 568.5000, 259.5000, 913.5000, 246, 3333.5000, 1452, 742.5000, 1956.5000, 88.5000, 76.5000, 107.5000, 71.5000, 310.5000, 220, 782, 258, 573, 285, 555.5000, 340, 3765.5000, 2434.5000, 877.5000, 2669.5000, 531.5000, 407.5000, 379, 304.5000, 364, 294.5000, 722, 363, 0, 184, 0, 203, 26611, 15322.5000, 6102, 18111.5000, 0, 434, 187, 543, 945.5000, 301.5000, 970.5000, 420], [366.5000, 1010.5000, 351, 637.5000, 2290.5000, 3622, 916.5000, 2189.5000, 165.5000, 2403, 131, 1140, 165.5000, 321, 460, 247.5000, 377.5000, 494, 790.5000, 307, 1698, 3300, 643.5000, 2161, 68.5000, 198.5000, 119, 95.5000, 139, 429.5000, 541.5000, 247.5000, 372.5000, 485.5000, 497, 335, 2360.5000, 4993, 925.5000, 2968, 438, 717, 344, 331, 201.5000, 494, 544.5000, 363.5000, 0, 564, 0, 354, 15322.5000, 39698, 5916, 22639, 0, 1131.5000, 123.5000, 690.5000, 327.5000, 998.5000, 515, 535], [146, 180, 149, 171, 918.5000, 637.5000, 397.5000, 677.5000, 60.5000, 519, 56.5000, 346.5000, 65, 64.5000, 252.5000, 68.5000, 132, 95, 339, 75.5000, 682.5000, 502, 321, 579.5000, 28, 42.5000, 57, 25, 74.5000, 72, 309.5000, 72.5000, 151, 108, 199, 104.5000, 901, 900, 479.5000, 837, 145, 185.5000, 161.5000, 109.5000, 81.5000, 87.5000, 269.5000, 96, 0, 74.5000, 0, 68.5000, 6102, 5916, 3297, 6482, 0, 162.5000, 110, 171.5000, 137.5000, 101, 386, 142.5000], [490.5000, 841, 415, 985, 3025, 2560.5000, 957, 3564, 211, 1941.5000, 150, 1725.5000, 172.5000, 253.5000, 596.5000, 365.5000, 458.5000, 422.5000, 819.5000, 512.5000, 2240, 2184, 736, 4238.5000, 68, 119.5000, 107, 155.5000, 168, 281.5000, 616.5000, 464, 490.5000, 377.5000, 559, 589, 3029.5000, 3462, 1030.5000, 4814, 515, 567, 360, 517.5000, 267, 357.5000, 677, 563.5000, 0, 397, 0, 623.5000, 18111.5000, 22639, 6482, 39467, 0, 825.5000, 128.5000, 1322.5000, 424.5000, 604.5000, 649.5000, 1104.5000], [0, 0, 0, 0, 0, 0, 0, 0, 0, 0, 0, 0, 0, 0, 0, 0, 0, 0, 0, 0, 0, 0, 0, 0, 0, 0, 0, 0, 0, 0, 0, 0, 0, 0, 0, 0, 0, 0, 0, 0, 0, 0, 0, 0, 0, 0, 0, 0, 582, 0, 267, 0, 0, 0, 0, 0, 1790, 0, 0, 0, 0, 0, 0, 0], [140, 408.5000, 155.5000, 267, 200, 351, 76, 249, 141, 1611, 141, 828, 53, 184.5000, 125.5000, 121, 152, 496.5000, 307.5000, 308.5000, 77.5000, 145, 42.5000, 142, 137.5000, 616, 204.5000, 237, 42, 270, 219.5000, 158, 68.5000, 131.5000, 107, 93, 240, 532.5000, 114.5000, 348.5000, 207.5000, 681, 190.5000, 283, 65.5000, 188.5000, 195.5000, 159, 0, 1117.5000, 0, 663.5000, 434, 1131.5000, 162.5000, 825.5000, 0, 51993, 385.5000, 28882.5000, 83, 715, 139.5000, 543], [132, 50, 220.5000, 53.5000, 76, 48.5000, 37.5000, 37, 236, 93.5000, 464, 77, 38, 49.5000, 214.5000, 52.5000, 156, 104, 595, 125.5000, 68.5000, 27.5000, 47, 35, 189.5000, 177, 532.5000, 109, 92, 117.5000, 527.5000, 112.5000, 63, 22.5000, 120, 27, 73, 73.5000, 36, 46, 129, 96, 318, 55, 32, 38.5000, 147, 56, 0, 277.5000, 0, 267.5000, 187, 123.5000, 110, 128.5000, 0, 385.5000, 94562, 377.5000, 121.5000, 314.5000, 526.5000, 365], [149, 287.5000, 145, 432.5000, 263, 243, 98, 348.5000, 163, 1093, 128, 1143, 59.5000, 134.5000, 139.5000, 182.5000, 160, 360, 309.5000, 506, 115, 107.5000, 48.5000, 237.5000, 134, 261, 167.5000, 374, 64.5000, 169.5000, 252, 219, 93.5000, 110.5000, 101, 167, 292, 348.5000, 107.5000, 471.5000, 247, 427, 190, 458.5000, 78.5000, 136, 239, 188.5000, 0, 730.5000, 0, 1174.5000, 543, 690.5000, 171.5000, 1322.5000, 0, 28882.5000, 377.5000, 44044, 101.5000, 472, 167, 800], [170.5000, 69.5000, 131.5000, 90.5000, 399, 164.5000, 103.5000, 194.5000, 89.5000, 89.5000, 67, 67, 1272, 952, 1844.5000, 960, 232, 108.5000, 442.5000, 118, 370.5000, 146, 101.5000, 185.5000, 39, 47.5000, 63.5000, 36.5000, 5119, 5446.5000, 15304.5000, 5062.5000, 137.5000, 43.5000, 139.5000, 43, 387, 210.5000, 82, 238, 74.5000, 45, 58, 41.5000, 816, 486, 1311, 551, 0, 174.5000, 0, 176, 945.5000, 327.5000, 137.5000, 424.5000, 0, 83, 121.5000, 101.5000, 12650, 1133, 9404.5000, 1263], [71.5000, 197.5000, 60, 114, 164.5000, 291, 68, 195.5000, 35.5000, 199, 29, 91.5000, 350.5000, 1388.5000, 740.5000, 829.5000, 118.5000, 596.5000, 241, 342, 122.5000, 251.5000, 49, 156, 24.5000, 99, 42, 48, 623, 3166.5000, 2834.5000, 1614.5000, 65, 87.5000, 83.5000, 49, 164, 396, 84.5000, 251, 56.5000, 113, 52.5000, 47.5000, 220, 963.5000, 715.5000, 524.5000, 0, 5933, 0, 3664.5000, 301.5000, 998.5000, 101, 604.5000, 0, 715, 314.5000, 472, 1133, 83511, 1531, 45000], [221, 119, 265, 136, 482, 279.5000, 198.5000, 308, 105.5000, 132, 108.5000, 117.5000, 1248, 1313, 4492, 1426, 334.5000, 174, 900.5000, 176, 515, 244, 221, 345.5000, 66.5000, 71.5000, 142.5000, 66, 6251, 9003.5000, 32812, 8677.5000, 211.5000, 58, 253.5000, 78, 474, 350, 223.5000, 387, 104.5000, 90, 145.5000, 58.5000, 836.5000, 783.5000, 2942.5000, 912.5000, 0, 214.5000, 0, 208.5000, 970.5000, 515, 386, 649.5000, 0, 139.5000, 526.5000, 167, 9404.5000, 1531, 22437, 1845], [86, 152.5000, 85, 200.5000, 214.5000, 197, 84.5000, 285.5000, 54.5000, 164, 46.5000, 169, 445.5000, 916, 864, 1312.5000, 142.5000, 424.5000, 248, 477, 150, 154, 61, 328, 30, 43.5000, 44, 69, 674.5000, 1828, 3072.5000, 2591.5000, 90, 57, 91, 103, 242, 254.5000, 83, 398, 84, 92, 55, 85.5000, 278.5000, 557.5000, 803, 885, 0, 4065.5000, 0, 5187.5000, 420, 535, 142.5000, 1104.5000, 0, 543, 365, 800, 1263, 45000, 1845, 78031]]:
