# Codon counts for vertebrate mt DNA
# Collected Fri Aug  4 09:48:43 2006
# PAM range was 15 to 50
# 47255 aligments with 14399294 positions
# max is 302540 and min is 0.5
CodonCounts := [[205095, 7708, 26968, 3836.5000, 3153, 3294.5000, 243.5000, 1737, 0, 1151, 0, 469.5000, 1798, 640, 366.5000, 650, 6345.5000, 1685.5000, 952, 752, 1334.5000, 1407.5000, 136.5000, 784.5000, 1728.5000, 736, 276.5000, 294, 1243, 509.5000, 161, 380.5000, 3802, 1093, 627.5000, 517.5000, 416.5000, 996, 80.5000, 281, 568.5000, 334, 178.5000, 126.5000, 246, 135.5000, 56, 160.5000, 0, 641.5000, 0, 438.5000, 1587.5000, 1075, 99.5000, 779, 138.5000, 32, 35, 21, 456, 305, 62.5000, 236], [7708, 171871, 1106.5000, 79235.5000, 5138.5000, 6541, 442, 2884.5000, 0, 8520, 0, 2358.5000, 1671.5000, 1292, 286.5000, 1105, 3870.5000, 6624.5000, 645, 2834.5000, 1640, 1480, 152, 630, 180, 265.5000, 25.5000, 90.5000, 1227.5000, 989.5000, 213.5000, 764.5000, 2764, 10782.5000, 611, 3674.5000, 1107, 2314, 122, 728, 1761, 1794.5000, 596, 547, 504, 448.5000, 97.5000, 366, 0, 2407.5000, 0, 1599.5000, 3978.5000, 3504.5000, 297.5000, 2060.5000, 436.5000, 319.5000, 85, 139.5000, 643.5000, 848, 92.5000, 658.5000], [26968, 1106.5000, 4474, 549, 486.5000, 541.5000, 42.5000, 295, 0, 180.5000, 0, 84.5000, 251, 90.5000, 50.5000, 98, 750.5000, 197, 130, 88.5000, 181.5000, 179, 20.5000, 95, 138, 70, 39, 28, 166, 71, 26, 56.5000, 448, 143.5000, 116, 73, 47.5000, 171, 19, 46, 54.5000, 29.5000, 64, 27, 37, 26, 16, 30, 0, 81, 0, 55.5000, 191.5000, 146, 14.5000, 100, 22, 6.5000, 4, 4.5000, 66, 39, 10.5000, 27.5000], [3836.5000, 79235.5000, 549, 44889, 2610.5000, 3013.5000, 228.5000, 1504, 0, 3590.5000, 0, 1329, 908.5000, 644.5000, 161, 641.5000, 2171, 3287.5000, 344.5000, 1552.5000, 754, 668, 73, 340, 100, 129.5000, 20, 57.5000, 592.5000, 499, 116.5000, 415.5000, 1304.5000, 4894.5000, 298, 1923, 542.5000, 1031, 62, 403.5000, 868, 772, 310, 342, 218.5000, 225.5000, 55, 188, 0, 1311.5000, 0, 955, 1848.5000, 1600.5000, 147, 929.5000, 165, 111, 32, 54, 347, 446, 49, 384.5000], [3153, 5138.5000, 486.5000, 2610.5000, 139500, 99672.5000, 10870.5000, 51327.5000, 0, 3728.5000, 0, 1194.5000, 16149, 11137, 3286, 12070, 2014, 991.5000, 248, 444.5000, 3072, 2672.5000, 252.5000, 1376.5000, 127.5000, 90, 21.5000, 25, 9687, 5173, 1689, 4417.5000, 1036, 681.5000, 199, 254, 12047, 14330, 1065.5000, 5873, 786, 705.5000, 292, 241.5000, 5674, 3340, 1028.5000, 2838.5000, 0, 1000, 0, 652.5000, 15646, 11516, 1235, 7059, 378.5000, 890.5000, 70, 258.5000, 4663.5000, 2194, 561, 1891.5000], [3294.5000, 6541, 541.5000, 3013.5000, 99672.5000, 100234, 8228, 43307.5000, 0, 4280.5000, 0, 1201.5000, 11340.5000, 12242, 2389, 12250.5000, 1596.5000, 1356, 215.5000, 517, 2581.5000, 2795, 207, 1307.5000, 68.5000, 96, 19, 31, 8267, 5768.5000, 1531, 4569.5000, 1029, 1042, 228.5000, 296, 9368.5000, 16023, 847, 5079.5000, 589, 601.5000, 211, 219.5000, 4569.5000, 3437.5000, 928.5000, 2623.5000, 0, 1043.5000, 0, 701, 12661, 11965.5000, 1000, 6638.5000, 300, 1120, 50.5000, 339.5000, 4234, 2416.5000, 541.5000, 1920.5000], [243.5000, 442, 42.5000, 228.5000, 10870.5000, 8228, 1356, 4270, 0, 336, 0, 127.5000, 1312, 773.5000, 278.5000, 908, 156.5000, 60.5000, 20, 32.5000, 166, 149, 16, 85.5000, 8, 8.5000, 0.5000, 2, 663, 386.5000, 135.5000, 278.5000, 71, 45, 20.5000, 19, 832, 1073, 119, 492, 45, 42.5000, 23, 27, 425.5000, 236.5000, 101.5000, 245, 0, 81, 0, 52, 1156, 896.5000, 119.5000, 566.5000, 35, 76, 6, 25.5000, 358, 163.5000, 57, 146], [1737, 2884.5000, 295, 1504, 51327.5000, 43307.5000, 4270, 24664, 0, 1920.5000, 0, 618.5000, 5854.5000, 5210.5000, 1240.5000, 5933, 833, 614, 122.5000, 278, 1327, 1273.5000, 106, 659, 47, 55, 7, 9, 4000.5000, 2393.5000, 684.5000, 2100.5000, 503.5000, 446.5000, 88, 166.5000, 4790, 6765, 482, 2836, 345, 307, 157.5000, 128, 2329, 1492.5000, 497, 1415, 0, 452.5000, 0, 335, 6529.5000, 5417, 521, 3411, 140.5000, 281.5000, 19, 119.5000, 2047.5000, 1080, 263.5000, 1006], [0, 0, 0, 0, 0, 0, 0, 0, 0, 0, 0, 0, 0, 0, 0, 0, 0, 0, 0, 0, 0, 0, 0, 0, 0, 0, 0, 0, 0, 0, 0, 0, 0, 0, 0, 0, 0, 0, 0, 0, 0, 0, 0, 0, 0, 0, 0, 0, 0, 0, 0, 0, 0, 0, 0, 0, 0, 0, 0, 0, 0, 0, 0, 0], [1151, 8520, 180.5000, 3590.5000, 3728.5000, 4280.5000, 336, 1920.5000, 0, 76130, 0, 19379, 697.5000, 547.5000, 91.5000, 504, 761, 1359.5000, 109, 434, 354.5000, 411.5000, 33, 156, 38, 51.5000, 7, 19, 522.5000, 362, 80, 272.5000, 582.5000, 881.5000, 134, 369, 1633, 3151.5000, 171.5000, 1100, 4716, 4625, 1435, 1551, 309, 289, 79.5000, 232.5000, 0, 547, 0, 488, 3189, 3076.5000, 273, 1670, 157.5000, 810, 27.5000, 294, 270.5000, 257.5000, 40.5000, 256.5000], [0, 0, 0, 0, 0, 0, 0, 0, 0, 0, 0, 0, 0, 0, 0, 0, 0, 0, 0, 0, 0, 0, 0, 0, 0, 0, 0, 0, 0, 0, 0, 0, 0, 0, 0, 0, 0, 0, 0, 0, 0, 0, 0, 0, 0, 0, 0, 0, 0, 0, 0, 0, 0, 0, 0, 0, 0, 0, 0, 0, 0, 0, 0, 0], [469.5000, 2358.5000, 84.5000, 1329, 1194.5000, 1201.5000, 127.5000, 618.5000, 0, 19379, 0, 6515, 256, 177, 45.5000, 204, 294.5000, 323.5000, 40.5000, 138, 129.5000, 143.5000, 9.5000, 58, 13, 16, 6, 10, 144, 99.5000, 25.5000, 96.5000, 243.5000, 375, 86.5000, 317.5000, 564.5000, 791.5000, 92.5000, 387, 1612.5000, 1354.5000, 767.5000, 704.5000, 141, 91, 46, 131, 0, 160, 0, 222.5000, 996.5000, 844, 94.5000, 560, 65, 229, 23, 184.5000, 82, 61, 13.5000, 122], [1798, 1671.5000, 251, 908.5000, 16149, 11340.5000, 1312, 5854.5000, 0, 697.5000, 0, 256, 214274, 22961, 52352.5000, 25112.5000, 2781, 645, 412, 252.5000, 787.5000, 787.5000, 72, 416.5000, 30.5000, 38.5000, 12.5000, 14, 41668.5000, 20221.5000, 7031, 17462.5000, 393.5000, 170, 64.5000, 63, 8025.5000, 8154.5000, 640, 3451.5000, 476.5000, 372, 180, 106, 8412.5000, 4720, 1951.5000, 4725, 0, 911, 0, 697.5000, 5271.5000, 3606, 352, 2090, 1395, 635.5000, 247, 169.5000, 20340, 6963.5000, 2499, 5700.5000], [640, 1292, 90.5000, 644.5000, 11137, 12242, 773.5000, 5210.5000, 0, 547.5000, 0, 177, 22961, 166186, 4742.5000, 160920.5000, 581, 451.5000, 67, 157, 914, 921.5000, 81, 443.5000, 18.5000, 23.5000, 12, 18, 27023, 17091, 4532, 13678.5000, 318.5000, 234.5000, 42, 110.5000, 4239, 6392.5000, 397.5000, 2528, 256.5000, 250.5000, 80, 86, 24900.5000, 19124, 5244, 14968, 0, 884, 0, 576, 1933, 1615.5000, 138.5000, 951.5000, 544.5000, 464, 85.5000, 137.5000, 13376, 5094, 1562.5000, 3744], [366.5000, 286.5000, 50.5000, 161, 3286, 2389, 278.5000, 1240.5000, 0, 91.5000, 0, 45.5000, 52352.5000, 4742.5000, 44587, 5279, 927, 117, 152.5000, 29, 124.5000, 182, 8.5000, 74.5000, 5.5000, 6.5000, 7.5000, 2.5000, 8257, 4394.5000, 1559, 3665.5000, 61.5000, 23, 14, 9, 1447, 1520.5000, 151, 652, 81.5000, 60.5000, 71, 32.5000, 1909.5000, 994, 1353.5000, 1263, 0, 201.5000, 0, 156.5000, 952.5000, 684, 75, 357, 276.5000, 55, 46, 40, 4195.5000, 1202, 698.5000, 1107.5000], [650, 1105, 98, 641.5000, 12070, 12250.5000, 908, 5933, 0, 504, 0, 204, 25112.5000, 160920.5000, 5279, 187904, 594.5000, 393.5000, 68.5000, 162.5000, 955.5000, 950, 85.5000, 521.5000, 20, 17, 12, 12, 30627, 17790, 5073.5000, 15520, 280, 150, 37, 74.5000, 4772, 6484, 518.5000, 2872, 280, 234.5000, 132, 88.5000, 25744.5000, 17120.5000, 5741, 16821, 0, 924, 0, 598.5000, 2190, 1723, 155, 1039, 557.5000, 466, 93, 186.5000, 15234.5000, 4642.5000, 1965.5000, 4161.5000], [6345.5000, 3870.5000, 750.5000, 2171, 2014, 1596.5000, 156.5000, 833, 0, 761, 0, 294.5000, 2781, 581, 927, 594.5000, 232991, 7707.5000, 31573, 2924, 2008.5000, 1994.5000, 220, 872, 2174.5000, 720.5000, 272.5000, 215.5000, 2638, 1477, 406, 951.5000, 6220.5000, 920.5000, 1186.5000, 397, 583, 740.5000, 56.5000, 269.5000, 207.5000, 165.5000, 104, 50, 353.5000, 188.5000, 80.5000, 197, 0, 1432, 0, 855, 1911, 1452.5000, 153.5000, 761.5000, 239, 407.5000, 59, 144.5000, 1211.5000, 502, 137, 478], [1685.5000, 6624.5000, 197, 3287.5000, 991.5000, 1356, 60.5000, 614, 0, 1359.5000, 0, 323.5000, 645, 451.5000, 117, 393.5000, 7707.5000, 156435, 1049, 63444.5000, 761, 981.5000, 92.5000, 356, 483.5000, 595, 92, 154, 667, 639, 120.5000, 376.5000, 1209.5000, 1362.5000, 141.5000, 516, 341.5000, 836, 37, 265, 205, 123.5000, 51, 46, 142.5000, 63.5000, 30, 100.5000, 0, 5444, 0, 4095.5000, 977, 1165, 73.5000, 601.5000, 163, 277, 33, 114.5000, 424, 1681.5000, 40.5000, 1397], [952, 645, 130, 344.5000, 248, 215.5000, 20, 122.5000, 0, 109, 0, 40.5000, 412, 67, 152.5000, 68.5000, 31573, 1049, 4940, 410, 193.5000, 215.5000, 30.5000, 94, 264.5000, 98, 42, 32, 385.5000, 213.5000, 58, 131, 884, 172.5000, 186, 65, 81, 105, 6.5000, 33.5000, 34.5000, 20.5000, 25, 11.5000, 52.5000, 24.5000, 10.5000, 26.5000, 0, 217, 0, 143.5000, 267, 180, 22.5000, 109, 34, 60.5000, 6.5000, 16.5000, 194, 71.5000, 23, 52.5000], [752, 2834.5000, 88.5000, 1552.5000, 444.5000, 517, 32.5000, 278, 0, 434, 0, 138, 252.5000, 157, 29, 162.5000, 2924, 63444.5000, 410, 30980, 294, 329.5000, 31.5000, 151, 191.5000, 177, 33.5000, 68, 301, 251.5000, 58.5000, 171, 517, 487.5000, 53.5000, 210, 178.5000, 315, 16, 118, 60, 53, 18.5000, 21.5000, 68.5000, 38, 13, 51.5000, 0, 2482, 0, 1943, 398, 435, 34.5000, 283, 77, 107.5000, 20, 82, 176, 604, 23.5000, 609], [1334.5000, 1640, 181.5000, 754, 3072, 2581.5000, 166, 1327, 0, 354.5000, 0, 129.5000, 787.5000, 914, 124.5000, 955.5000, 2008.5000, 761, 193.5000, 294, 134534, 101647.5000, 12147.5000, 56034.5000, 56, 32.5000, 26.5000, 28, 1241, 840.5000, 258.5000, 653, 276.5000, 246.5000, 39, 77, 1573.5000, 1925.5000, 162.5000, 736, 94, 81.5000, 35, 43, 363.5000, 183.5000, 59, 228.5000, 0, 209, 0, 208, 2692, 2415, 258, 1496, 134, 48.5000, 22.5000, 22, 760.5000, 279.5000, 90.5000, 358], [1407.5000, 1480, 179, 668, 2672.5000, 2795, 149, 1273.5000, 0, 411.5000, 0, 143.5000, 787.5000, 921.5000, 182, 950, 1994.5000, 981.5000, 215.5000, 329.5000, 101647.5000, 92480, 9325, 47012.5000, 64, 46.5000, 17, 28.5000, 1165, 935, 249.5000, 698.5000, 294.5000, 283, 47, 74.5000, 1182, 1864, 124.5000, 637.5000, 96, 72, 35, 25, 280.5000, 169, 33.5000, 222, 0, 289.5000, 0, 205.5000, 2035.5000, 2048, 153, 1163, 173, 32.5000, 26.5000, 19.5000, 661, 255, 77.5000, 344.5000], [136.5000, 152, 20.5000, 73, 252.5000, 207, 16, 106, 0, 33, 0, 9.5000, 72, 81, 8.5000, 85.5000, 220, 92.5000, 30.5000, 31.5000, 12147.5000, 9325, 1614, 5433.5000, 12.5000, 5, 6, 6, 140, 91, 23.5000, 73, 24.5000, 27, 2, 6.5000, 158.5000, 173, 16, 85.5000, 17, 13, 9.5000, 5.5000, 36, 17, 21, 33, 0, 29.5000, 0, 20.5000, 222.5000, 229, 31, 124.5000, 17.5000, 4.5000, 4, 4.5000, 71.5000, 15.5000, 13.5000, 42], [784.5000, 630, 95, 340, 1376.5000, 1307.5000, 85.5000, 659, 0, 156, 0, 58, 416.5000, 443.5000, 74.5000, 521.5000, 872, 356, 94, 151, 56034.5000, 47012.5000, 5433.5000, 28952, 31, 24.5000, 12.5000, 13.5000, 687, 468.5000, 141.5000, 466, 117.5000, 104, 16.5000, 37, 744.5000, 870.5000, 77.5000, 370, 42, 40.5000, 30.5000, 18.5000, 205.5000, 91.5000, 34.5000, 120, 0, 120.5000, 0, 86, 1148.5000, 1069.5000, 117, 770.5000, 74, 21.5000, 16, 14.5000, 400, 136.5000, 46.5000, 217], [1728.5000, 180, 138, 100, 127.5000, 68.5000, 8, 47, 0, 38, 0, 13, 30.5000, 18.5000, 5.5000, 20, 2174.5000, 483.5000, 264.5000, 191.5000, 56, 64, 12.5000, 31, 109498, 31891, 13641, 17282, 193.5000, 57, 26.5000, 73.5000, 33, 5.5000, 1, 4.5000, 25.5000, 25, 2.5000, 20.5000, 84, 11, 6.5000, 10.5000, 11, 2.5000, 1.5000, 5, 0, 130, 0, 107, 84.5000, 49, 5, 25.5000, 271.5000, 37, 67, 39, 84, 21.5000, 19, 43.5000], [736, 265.5000, 70, 129.5000, 90, 96, 8.5000, 55, 0, 51.5000, 0, 16, 38.5000, 23.5000, 6.5000, 17, 720.5000, 595, 98, 177, 32.5000, 46.5000, 5, 24.5000, 31891, 14801, 3768, 6499, 122, 48.5000, 21, 37.5000, 37.5000, 15.5000, 6, 7, 29.5000, 62.5000, 2.5000, 26, 57, 21.5000, 7.5000, 14, 13.5000, 5, 1.5000, 2.5000, 0, 105, 0, 76.5000, 67.5000, 80, 8, 40, 56, 30.5000, 18, 21, 46, 24, 13.5000, 20], [276.5000, 25.5000, 39, 20, 21.5000, 19, 0.5000, 7, 0, 7, 0, 6, 12.5000, 12, 7.5000, 12, 272.5000, 92, 42, 33.5000, 26.5000, 17, 6, 12.5000, 13641, 3768, 2735, 2674, 35, 16.5000, 6, 11.5000, 6.5000, 2, 3, 1, 6.5000, 11.5000, 0.5000, 11, 16.5000, 1.5000, 14, 12.5000, 3.5000, 2.5000, 1.5000, 6.5000, 0, 26.5000, 0, 12.5000, 18.5000, 14, 3.5000, 7, 70, 7.5000, 53.5000, 13.5000, 21.5000, 3.5000, 4, 3.5000], [294, 90.5000, 28, 57.5000, 25, 31, 2, 9, 0, 19, 0, 10, 14, 18, 2.5000, 12, 215.5000, 154, 32, 68, 28, 28.5000, 6, 13.5000, 17282, 6499, 2674, 3749, 55.5000, 16, 14.5000, 29, 7.5000, 2.5000, 1, 2, 26.5000, 29, 2.5000, 18.5000, 24.5000, 5.5000, 12, 13.5000, 5, 6, 4, 7.5000, 0, 32, 0, 30.5000, 22, 19.5000, 2, 7, 49.5000, 14, 70.5000, 10.5000, 25.5000, 4.5000, 19, 5.5000], [1243, 1227.5000, 166, 592.5000, 9687, 8267, 663, 4000.5000, 0, 522.5000, 0, 144, 41668.5000, 27023, 8257, 30627, 2638, 667, 385.5000, 301, 1241, 1165, 140, 687, 193.5000, 122, 35, 55.5000, 271492, 119105.5000, 44269.5000, 109980, 275, 76.5000, 47.5000, 44.5000, 4931.5000, 5724.5000, 506, 2466, 375.5000, 377, 164, 102, 9163.5000, 4970.5000, 1847.5000, 4834, 0, 1531.5000, 0, 1198, 3569, 2514.5000, 254.5000, 1686.5000, 2007, 626.5000, 328, 244.5000, 122772.5000, 14808, 14623, 13703], [509.5000, 989.5000, 71, 499, 5173, 5768.5000, 386.5000, 2393.5000, 0, 362, 0, 99.5000, 20221.5000, 17091, 4394.5000, 17790, 1477, 639, 213.5000, 251.5000, 840.5000, 935, 91, 468.5000, 57, 48.5000, 16.5000, 16, 119105.5000, 80648, 22758.5000, 65820, 124.5000, 61.5000, 20, 34.5000, 2301.5000, 3778.5000, 241.5000, 1263, 193.5000, 196, 64.5000, 53.5000, 3988, 3000.5000, 862, 2531, 0, 1228.5000, 0, 814, 1823, 1694.5000, 145.5000, 1024, 809.5000, 390, 171.5000, 148, 55699, 9789.5000, 6949.5000, 7781], [161, 213.5000, 26, 116.5000, 1689, 1531, 135.5000, 684.5000, 0, 80, 0, 25.5000, 7031, 4532, 1559, 5073.5000, 406, 120.5000, 58, 58.5000, 258.5000, 249.5000, 23.5000, 141.5000, 26.5000, 21, 6, 14.5000, 44269.5000, 22758.5000, 8954, 20490.5000, 60, 17, 13, 7, 741.5000, 950, 89, 358, 41.5000, 54, 39.5000, 21.5000, 1359, 737, 331.5000, 741, 0, 289.5000, 0, 220.5000, 558, 407.5000, 43, 258, 242, 79.5000, 57, 35.5000, 20967.5000, 2415.5000, 3354, 2234], [380.5000, 764.5000, 56.5000, 415.5000, 4417.5000, 4569.5000, 278.5000, 2100.5000, 0, 272.5000, 0, 96.5000, 17462.5000, 13678.5000, 3665.5000, 15520, 951.5000, 376.5000, 131, 171, 653, 698.5000, 73, 466, 73.5000, 37.5000, 11.5000, 29, 109980, 65820, 20490.5000, 60914, 94.5000, 74, 15.5000, 32.5000, 1880, 2785.5000, 182.5000, 1016, 143.5000, 120, 78, 40, 3548.5000, 2401, 775.5000, 2401.5000, 0, 950.5000, 0, 666, 1501, 1316, 116.5000, 815.5000, 752, 289, 159.5000, 121.5000, 52497, 7472.5000, 7366, 7219], [3802, 2764, 448, 1304.5000, 1036, 1029, 71, 503.5000, 0, 582.5000, 0, 243.5000, 393.5000, 318.5000, 61.5000, 280, 6220.5000, 1209.5000, 884, 517, 276.5000, 294.5000, 24.5000, 117.5000, 33, 37.5000, 6.5000, 7.5000, 275, 124.5000, 60, 94.5000, 235105, 5862, 47202, 2689, 367.5000, 509, 49, 222.5000, 1043.5000, 452, 357, 219.5000, 159, 66, 52.5000, 96, 0, 241, 0, 251, 632.5000, 509.5000, 68, 294, 29, 73.5000, 27, 23, 205.5000, 129, 21, 118.5000], [1093, 10782.5000, 143.5000, 4894.5000, 681.5000, 1042, 45, 446.5000, 0, 881.5000, 0, 375, 170, 234.5000, 23, 150, 920.5000, 1362.5000, 172.5000, 487.5000, 246.5000, 283, 27, 104, 5.5000, 15.5000, 2, 2.5000, 76.5000, 61.5000, 17, 74, 5862, 101688, 1074.5000, 48390.5000, 128.5000, 315, 27, 80, 437.5000, 317, 172.5000, 133, 45, 61.5000, 10.5000, 30.5000, 0, 409, 0, 253, 448, 504.5000, 37, 306.5000, 6, 35.5000, 3.5000, 21.5000, 69, 112, 8.5000, 80.5000], [627.5000, 611, 116, 298, 199, 228.5000, 20.5000, 88, 0, 134, 0, 86.5000, 64.5000, 42, 14, 37, 1186.5000, 141.5000, 186, 53.5000, 39, 47, 2, 16.5000, 1, 6, 3, 1, 47.5000, 20, 13, 15.5000, 47202, 1074.5000, 13711, 645.5000, 64.5000, 106.5000, 14.5000, 58.5000, 211.5000, 100.5000, 222, 92.5000, 37.5000, 11, 18, 23.5000, 0, 40.5000, 0, 57, 140.5000, 124.5000, 26, 84, 19, 36, 8, 13, 34.5000, 21.5000, 11.5000, 24], [517.5000, 3674.5000, 73, 1923, 254, 296, 19, 166.5000, 0, 369, 0, 317.5000, 63, 110.5000, 9, 74.5000, 397, 516, 65, 210, 77, 74.5000, 6.5000, 37, 4.5000, 7, 1, 2, 44.5000, 34.5000, 7, 32.5000, 2689, 48390.5000, 645.5000, 28225, 57.5000, 123.5000, 10, 54, 274, 166, 140, 121.5000, 28, 37.5000, 9.5000, 28, 0, 136.5000, 0, 124, 184, 210.5000, 13, 129.5000, 8, 14, 2, 7, 33.5000, 47.5000, 7.5000, 30.5000], [416.5000, 1107, 47.5000, 542.5000, 12047, 9368.5000, 832, 4790, 0, 1633, 0, 564.5000, 8025.5000, 4239, 1447, 4772, 583, 341.5000, 81, 178.5000, 1573.5000, 1182, 158.5000, 744.5000, 25.5000, 29.5000, 6.5000, 26.5000, 4931.5000, 2301.5000, 741.5000, 1880, 367.5000, 128.5000, 64.5000, 57.5000, 103976, 109761, 8649.5000, 51202.5000, 4363, 2749, 1582, 1112.5000, 3596, 1865, 760.5000, 1908, 0, 320.5000, 0, 222.5000, 11923.5000, 7749, 854, 4808, 173.5000, 556.5000, 20, 227.5000, 2533.5000, 1077, 297, 975], [996, 2314, 171, 1031, 14330, 16023, 1073, 6765, 0, 3151.5000, 0, 791.5000, 8154.5000, 6392.5000, 1520.5000, 6484, 740.5000, 836, 105, 315, 1925.5000, 1864, 173, 870.5000, 25, 62.5000, 11.5000, 29, 5724.5000, 3778.5000, 950, 2785.5000, 509, 315, 106.5000, 123.5000, 109761, 170211, 8277.5000, 61627.5000, 4216.5000, 3362, 1214, 1168, 3581, 2726.5000, 697.5000, 2266.5000, 0, 445, 0, 297, 13186.5000, 10737.5000, 905, 6129.5000, 420, 918, 67, 321.5000, 2759.5000, 1943, 317.5000, 1412.5000], [80.5000, 122, 19, 62, 1065.5000, 847, 119, 482, 0, 171.5000, 0, 92.5000, 640, 397.5000, 151, 518.5000, 56.5000, 37, 6.5000, 16, 162.5000, 124.5000, 16, 77.5000, 2.5000, 2.5000, 0.5000, 2.5000, 506, 241.5000, 89, 182.5000, 49, 27, 14.5000, 10, 8649.5000, 8277.5000, 1431, 4894.5000, 361.5000, 226, 292, 131, 439.5000, 188, 233, 336.5000, 0, 26, 0, 21, 1033.5000, 638, 99, 477.5000, 35.5000, 47, 11, 28.5000, 289, 106, 64.5000, 108.5000], [281, 728, 46, 403.5000, 5873, 5079.5000, 492, 2836, 0, 1100, 0, 387, 3451.5000, 2528, 652, 2872, 269.5000, 265, 33.5000, 118, 736, 637.5000, 85.5000, 370, 20.5000, 26, 11, 18.5000, 2466, 1263, 358, 1016, 222.5000, 80, 58.5000, 54, 51202.5000, 61627.5000, 4894.5000, 32103, 1695, 1157.5000, 799.5000, 632, 1637, 1029.5000, 459.5000, 1152, 0, 145, 0, 111.5000, 6052.5000, 3971.5000, 471.5000, 2808, 81, 244, 7.5000, 110, 1153, 516.5000, 168.5000, 507], [568.5000, 1761, 54.5000, 868, 786, 589, 45, 345, 0, 4716, 0, 1612.5000, 476.5000, 256.5000, 81.5000, 280, 207.5000, 205, 34.5000, 60, 94, 96, 17, 42, 84, 57, 16.5000, 24.5000, 375.5000, 193.5000, 41.5000, 143.5000, 1043.5000, 437.5000, 211.5000, 274, 4363, 4216.5000, 361.5000, 1695, 129634, 91916, 38757.5000, 36846, 285.5000, 133.5000, 104, 155, 0, 56, 0, 83, 855, 607.5000, 53, 364.5000, 384, 124.5000, 67.5000, 110, 265.5000, 91, 38.5000, 102], [334, 1794.5000, 29.5000, 772, 705.5000, 601.5000, 42.5000, 307, 0, 4625, 0, 1354.5000, 372, 250.5000, 60.5000, 234.5000, 165.5000, 123.5000, 20.5000, 53, 81.5000, 72, 13, 40.5000, 11, 21.5000, 1.5000, 5.5000, 377, 196, 54, 120, 452, 317, 100.5000, 166, 2749, 3362, 226, 1157.5000, 91916, 91295, 27294.5000, 29777, 156, 83, 54, 93, 0, 45, 0, 55, 837.5000, 579.5000, 48, 307.5000, 1056, 173.5000, 150, 139, 227.5000, 82, 21.5000, 98], [178.5000, 596, 64, 310, 292, 211, 23, 157.5000, 0, 1435, 0, 767.5000, 180, 80, 71, 132, 104, 51, 25, 18.5000, 35, 35, 9.5000, 30.5000, 6.5000, 7.5000, 14, 12, 164, 64.5000, 39.5000, 78, 357, 172.5000, 222, 140, 1582, 1214, 292, 799.5000, 38757.5000, 27294.5000, 20454, 13731.5000, 174.5000, 45, 174, 154.5000, 0, 29.5000, 0, 76, 365, 233.5000, 38.5000, 222, 325, 60, 93, 132, 159.5000, 40, 45.5000, 81], [126.5000, 547, 27, 342, 241.5000, 219.5000, 27, 128, 0, 1551, 0, 704.5000, 106, 86, 32.5000, 88.5000, 50, 46, 11.5000, 21.5000, 43, 25, 5.5000, 18.5000, 10.5000, 14, 12.5000, 13.5000, 102, 53.5000, 21.5000, 40, 219.5000, 133, 92.5000, 121.5000, 1112.5000, 1168, 131, 632, 36846, 29777, 13731.5000, 13941, 80, 39.5000, 71.5000, 91, 0, 39, 0, 40, 348.5000, 225, 32, 182, 148.5000, 49.5000, 52, 75.5000, 77.5000, 29.5000, 34.5000, 60], [246, 504, 37, 218.5000, 5674, 4569.5000, 425.5000, 2329, 0, 309, 0, 141, 8412.5000, 24900.5000, 1909.5000, 25744.5000, 353.5000, 142.5000, 52.5000, 68.5000, 363.5000, 280.5000, 36, 205.5000, 11, 13.5000, 3.5000, 5, 9163.5000, 3988, 1359, 3548.5000, 159, 45, 37.5000, 28, 3596, 3581, 439.5000, 1637, 285.5000, 156, 174.5000, 80, 79828, 38941.5000, 13055, 38689.5000, 0, 158.5000, 0, 124, 1243.5000, 790, 107, 502, 147.5000, 402, 27, 165, 4211, 1099, 548.5000, 1029], [135.5000, 448.5000, 26, 225.5000, 3340, 3437.5000, 236.5000, 1492.5000, 0, 289, 0, 91, 4720, 19124, 994, 17120.5000, 188.5000, 63.5000, 24.5000, 38, 183.5000, 169, 17, 91.5000, 2.5000, 5, 2.5000, 6, 4970.5000, 3000.5000, 737, 2401, 66, 61.5000, 11, 37.5000, 1865, 2726.5000, 188, 1029.5000, 133.5000, 83, 45, 39.5000, 38941.5000, 28976, 7014, 22025.5000, 0, 144, 0, 99, 775.5000, 561, 47.5000, 315.5000, 43, 220, 6, 83.5000, 2234, 1050, 268, 731], [56, 97.5000, 16, 55, 1028.5000, 928.5000, 101.5000, 497, 0, 79.5000, 0, 46, 1951.5000, 5244, 1353.5000, 5741, 80.5000, 30, 10.5000, 13, 59, 33.5000, 21, 34.5000, 1.5000, 1.5000, 1.5000, 4, 1847.5000, 862, 331.5000, 775.5000, 52.5000, 10.5000, 18, 9.5000, 760.5000, 697.5000, 233, 459.5000, 104, 54, 174, 71.5000, 13055, 7014, 5024, 8411, 0, 35.5000, 0, 43, 365, 178, 45, 155, 33, 96, 10.5000, 67, 1058, 284.5000, 365, 357.5000], [160.5000, 366, 30, 188, 2838.5000, 2623.5000, 245, 1415, 0, 232.5000, 0, 131, 4725, 14968, 1263, 16821, 197, 100.5000, 26.5000, 51.5000, 228.5000, 222, 33, 120, 5, 2.5000, 6.5000, 7.5000, 4834, 2531, 741, 2401.5000, 96, 30.5000, 23.5000, 28, 1908, 2266.5000, 336.5000, 1152, 155, 93, 154.5000, 91, 38689.5000, 22025.5000, 8411, 23987, 0, 125, 0, 122.5000, 717, 440.5000, 78, 341.5000, 75, 257, 15.5000, 124, 2568.5000, 736, 498.5000, 854.5000], [0, 0, 0, 0, 0, 0, 0, 0, 0, 0, 0, 0, 0, 0, 0, 0, 0, 0, 0, 0, 0, 0, 0, 0, 0, 0, 0, 0, 0, 0, 0, 0, 0, 0, 0, 0, 0, 0, 0, 0, 0, 0, 0, 0, 0, 0, 0, 0, 0, 0, 0, 0, 0, 0, 0, 0, 0, 0, 0, 0, 0, 0, 0, 0], [641.5000, 2407.5000, 81, 1311.5000, 1000, 1043.5000, 81, 452.5000, 0, 547, 0, 160, 911, 884, 201.5000, 924, 1432, 5444, 217, 2482, 209, 289.5000, 29.5000, 120.5000, 130, 105, 26.5000, 32, 1531.5000, 1228.5000, 289.5000, 950.5000, 241, 409, 40.5000, 136.5000, 320.5000, 445, 26, 145, 56, 45, 29.5000, 39, 158.5000, 144, 35.5000, 125, 0, 125866, 0, 81979.5000, 731, 757, 58, 336, 1323, 304.5000, 199, 122, 717, 13671.5000, 110, 9531], [0, 0, 0, 0, 0, 0, 0, 0, 0, 0, 0, 0, 0, 0, 0, 0, 0, 0, 0, 0, 0, 0, 0, 0, 0, 0, 0, 0, 0, 0, 0, 0, 0, 0, 0, 0, 0, 0, 0, 0, 0, 0, 0, 0, 0, 0, 0, 0, 0, 0, 0, 0, 0, 0, 0, 0, 0, 0, 0, 0, 0, 0, 0, 0], [438.5000, 1599.5000, 55.5000, 955, 652.5000, 701, 52, 335, 0, 488, 0, 222.5000, 697.5000, 576, 156.5000, 598.5000, 855, 4095.5000, 143.5000, 1943, 208, 205.5000, 20.5000, 86, 107, 76.5000, 12.5000, 30.5000, 1198, 814, 220.5000, 666, 251, 253, 57, 124, 222.5000, 297, 21, 111.5000, 83, 55, 76, 40, 124, 99, 43, 122.5000, 0, 81979.5000, 0, 65363, 515, 456, 61, 378, 667, 263, 130.5000, 156, 589, 8438.5000, 87.5000, 6902.5000], [1587.5000, 3978.5000, 191.5000, 1848.5000, 15646, 12661, 1156, 6529.5000, 0, 3189, 0, 996.5000, 5271.5000, 1933, 952.5000, 2190, 1911, 977, 267, 398, 2692, 2035.5000, 222.5000, 1148.5000, 84.5000, 67.5000, 18.5000, 22, 3569, 1823, 558, 1501, 632.5000, 448, 140.5000, 184, 11923.5000, 13186.5000, 1033.5000, 6052.5000, 855, 837.5000, 365, 348.5000, 1243.5000, 775.5000, 365, 717, 0, 731, 0, 515, 101661, 68872, 7627.5000, 43954, 502.5000, 999, 82, 478, 1990, 1404.5000, 305, 1172], [1075, 3504.5000, 146, 1600.5000, 11516, 11965.5000, 896.5000, 5417, 0, 3076.5000, 0, 844, 3606, 1615.5000, 684, 1723, 1452.5000, 1165, 180, 435, 2415, 2048, 229, 1069.5000, 49, 80, 14, 19.5000, 2514.5000, 1694.5000, 407.5000, 1316, 509.5000, 504.5000, 124.5000, 210.5000, 7749, 10737.5000, 638, 3971.5000, 607.5000, 579.5000, 233.5000, 225, 790, 561, 178, 440.5000, 0, 757, 0, 456, 68872, 59480, 5431.5000, 33884.5000, 284.5000, 940.5000, 49.5000, 378.5000, 1469, 1472, 177.5000, 1131.5000], [99.5000, 297.5000, 14.5000, 147, 1235, 1000, 119.5000, 521, 0, 273, 0, 94.5000, 352, 138.5000, 75, 155, 153.5000, 73.5000, 22.5000, 34.5000, 258, 153, 31, 117, 5, 8, 3.5000, 2, 254.5000, 145.5000, 43, 116.5000, 68, 37, 26, 13, 854, 905, 99, 471.5000, 53, 48, 38.5000, 32, 107, 47.5000, 45, 78, 0, 58, 0, 61, 7627.5000, 5431.5000, 809, 3918.5000, 85, 92, 17.5000, 77, 139.5000, 105.5000, 60, 124], [779, 2060.5000, 100, 929.5000, 7059, 6638.5000, 566.5000, 3411, 0, 1670, 0, 560, 2090, 951.5000, 357, 1039, 761.5000, 601.5000, 109, 283, 1496, 1163, 124.5000, 770.5000, 25.5000, 40, 7, 7, 1686.5000, 1024, 258, 815.5000, 294, 306.5000, 84, 129.5000, 4808, 6129.5000, 477.5000, 2808, 364.5000, 307.5000, 222, 182, 502, 315.5000, 155, 341.5000, 0, 336, 0, 378, 43954, 33884.5000, 3918.5000, 25374, 172.5000, 487.5000, 33.5000, 307, 949, 683, 154, 819.5000], [138.5000, 436.5000, 22, 165, 378.5000, 300, 35, 140.5000, 0, 157.5000, 0, 65, 1395, 544.5000, 276.5000, 557.5000, 239, 163, 34, 77, 134, 173, 17.5000, 74, 271.5000, 56, 70, 49.5000, 2007, 809.5000, 242, 752, 29, 6, 19, 8, 173.5000, 420, 35.5000, 81, 384, 1056, 325, 148.5000, 147.5000, 43, 33, 75, 0, 1323, 0, 667, 502.5000, 284.5000, 85, 172.5000, 302540, 177.5000, 43547, 158.5000, 1412.5000, 817.5000, 221, 804.5000], [32, 319.5000, 6.5000, 111, 890.5000, 1120, 76, 281.5000, 0, 810, 0, 229, 635.5000, 464, 55, 466, 407.5000, 277, 60.5000, 107.5000, 48.5000, 32.5000, 4.5000, 21.5000, 37, 30.5000, 7.5000, 14, 626.5000, 390, 79.5000, 289, 73.5000, 35.5000, 36, 14, 556.5000, 918, 47, 244, 124.5000, 173.5000, 60, 49.5000, 402, 220, 96, 257, 0, 304.5000, 0, 263, 999, 940.5000, 92, 487.5000, 177.5000, 43498, 60, 17972.5000, 241.5000, 483, 34.5000, 338.5000], [35, 85, 4, 32, 70, 50.5000, 6, 19, 0, 27.5000, 0, 23, 247, 85.5000, 46, 93, 59, 33, 6.5000, 20, 22.5000, 26.5000, 4, 16, 67, 18, 53.5000, 70.5000, 328, 171.5000, 57, 159.5000, 27, 3.5000, 8, 2, 20, 67, 11, 7.5000, 67.5000, 150, 93, 52, 27, 6, 10.5000, 15.5000, 0, 199, 0, 130.5000, 82, 49.5000, 17.5000, 33.5000, 43547, 60, 9189, 65.5000, 246, 135.5000, 79.5000, 150.5000], [21, 139.5000, 4.5000, 54, 258.5000, 339.5000, 25.5000, 119.5000, 0, 294, 0, 184.5000, 169.5000, 137.5000, 40, 186.5000, 144.5000, 114.5000, 16.5000, 82, 22, 19.5000, 4.5000, 14.5000, 39, 21, 13.5000, 10.5000, 244.5000, 148, 35.5000, 121.5000, 23, 21.5000, 13, 7, 227.5000, 321.5000, 28.5000, 110, 110, 139, 132, 75.5000, 165, 83.5000, 67, 124, 0, 122, 0, 156, 478, 378.5000, 77, 307, 158.5000, 17972.5000, 65.5000, 9981, 91, 203, 35, 177.5000], [456, 643.5000, 66, 347, 4663.5000, 4234, 358, 2047.5000, 0, 270.5000, 0, 82, 20340, 13376, 4195.5000, 15234.5000, 1211.5000, 424, 194, 176, 760.5000, 661, 71.5000, 400, 84, 46, 21.5000, 25.5000, 122772.5000, 55699, 20967.5000, 52497, 205.5000, 69, 34.5000, 33.5000, 2533.5000, 2759.5000, 289, 1153, 265.5000, 227.5000, 159.5000, 77.5000, 4211, 2234, 1058, 2568.5000, 0, 717, 0, 589, 1990, 1469, 139.5000, 949, 1412.5000, 241.5000, 246, 91, 64770, 6349, 10159.5000, 6630], [305, 848, 39, 446, 2194, 2416.5000, 163.5000, 1080, 0, 257.5000, 0, 61, 6963.5000, 5094, 1202, 4642.5000, 502, 1681.5000, 71.5000, 604, 279.5000, 255, 15.5000, 136.5000, 21.5000, 24, 3.5000, 4.5000, 14808, 9789.5000, 2415.5000, 7472.5000, 129, 112, 21.5000, 47.5000, 1077, 1943, 106, 516.5000, 91, 82, 40, 29.5000, 1099, 1050, 284.5000, 736, 0, 13671.5000, 0, 8438.5000, 1404.5000, 1472, 105.5000, 683, 817.5000, 483, 135.5000, 203, 6349, 232550, 821.5000, 154318], [62.5000, 92.5000, 10.5000, 49, 561, 541.5000, 57, 263.5000, 0, 40.5000, 0, 13.5000, 2499, 1562.5000, 698.5000, 1965.5000, 137, 40.5000, 23, 23.5000, 90.5000, 77.5000, 13.5000, 46.5000, 19, 13.5000, 4, 19, 14623, 6949.5000, 3354, 7366, 21, 8.5000, 11.5000, 7.5000, 297, 317.5000, 64.5000, 168.5000, 38.5000, 21.5000, 45.5000, 34.5000, 548.5000, 268, 365, 498.5000, 0, 110, 0, 87.5000, 305, 177.5000, 60, 154, 221, 34.5000, 79.5000, 35, 10159.5000, 821.5000, 4114, 1144], [236, 658.5000, 27.5000, 384.5000, 1891.5000, 1920.5000, 146, 1006, 0, 256.5000, 0, 122, 5700.5000, 3744, 1107.5000, 4161.5000, 478, 1397, 52.5000, 609, 358, 344.5000, 42, 217, 43.5000, 20, 3.5000, 5.5000, 13703, 7781, 2234, 7219, 118.5000, 80.5000, 24, 30.5000, 975, 1412.5000, 108.5000, 507, 102, 98, 81, 60, 1029, 731, 357.5000, 854.5000, 0, 9531, 0, 6902.5000, 1172, 1131.5000, 124, 819.5000, 804.5000, 338.5000, 150.5000, 177.5000, 6630, 154318, 1144, 144300]]:
